prgpotg6;
2018;07;30;13;20;14;
D 01;0.000;0.000;0.000;0.000;0.000;0.000;0.000;0.000;0.000;0.000;0.000;0.000;0.000;0.000;0.000;0.000;0.000;0.000;0.000;0.000;0.000;0.000;0.000;0.000;;
L 02;0.000;0.000;0.000;0.000;0.000;0.000;0.000;0.000;2.969;2.969;2.969;6.432;6.432;6.432;6.432;6.432;6.432;6.432;6.432;2.969;2.969;2.969;2.969;2.969;;
M 03;0.000;0.000;0.000;0.000;0.000;0.000;0.000;0.000;2.969;2.969;2.969;6.432;6.432;6.432;6.432;6.432;6.432;6.432;6.432;2.969;2.969;2.969;2.969;2.969;;
X 04;0.000;0.000;0.000;0.000;0.000;0.000;0.000;0.000;2.969;2.969;2.969;6.432;6.432;6.432;6.432;6.432;6.432;6.432;6.432;2.969;2.969;2.969;2.969;2.969;;
J 05;0.000;0.000;0.000;0.000;0.000;0.000;0.000;0.000;2.969;2.969;2.969;6.432;6.432;6.432;6.432;6.432;6.432;6.432;6.432;2.969;2.969;2.969;2.969;2.969;;
V 06;0.000;0.000;0.000;0.000;0.000;0.000;0.000;0.000;2.969;2.969;2.969;6.432;6.432;6.432;6.432;6.432;6.432;6.432;6.432;2.969;2.969;2.969;2.969;2.969;;
S 07;0.000;0.000;0.000;0.000;0.000;0.000;0.000;0.000;0.000;0.000;0.000;0.000;0.000;0.000;0.000;0.000;0.000;0.000;0.000;0.000;0.000;0.000;0.000;0.000;;
D 08;0.000;0.000;0.000;0.000;0.000;0.000;0.000;0.000;0.000;0.000;0.000;0.000;0.000;0.000;0.000;0.000;0.000;0.000;0.000;0.000;0.000;0.000;0.000;0.000;;
L 09;0.000;0.000;0.000;0.000;0.000;0.000;0.000;0.000;2.969;2.969;2.969;6.432;6.432;6.432;6.432;6.432;6.432;6.432;6.432;2.969;2.969;2.969;2.969;2.969;;
M 10;0.000;0.000;0.000;0.000;0.000;0.000;0.000;0.000;2.969;2.969;2.969;6.432;6.432;6.432;6.432;6.432;6.432;6.432;6.432;2.969;2.969;2.969;2.969;2.969;;
X 11;0.000;0.000;0.000;0.000;0.000;0.000;0.000;0.000;2.969;2.969;2.969;6.432;6.432;6.432;6.432;6.432;6.432;6.432;6.432;2.969;2.969;2.969;2.969;2.969;;
J 12;0.000;0.000;0.000;0.000;0.000;0.000;0.000;0.000;2.969;2.969;2.969;6.432;6.432;6.432;6.432;6.432;6.432;6.432;6.432;2.969;2.969;2.969;2.969;2.969;;
V 13;0.000;0.000;0.000;0.000;0.000;0.000;0.000;0.000;2.969;2.969;2.969;6.432;6.432;6.432;6.432;6.432;6.432;6.432;6.432;2.969;2.969;2.969;2.969;2.969;;
S 14;0.000;0.000;0.000;0.000;0.000;0.000;0.000;0.000;0.000;0.000;0.000;0.000;0.000;0.000;0.000;0.000;0.000;0.000;0.000;0.000;0.000;0.000;0.000;0.000;;
D 15;0.000;0.000;0.000;0.000;0.000;0.000;0.000;0.000;0.000;0.000;0.000;0.000;0.000;0.000;0.000;0.000;0.000;0.000;0.000;0.000;0.000;0.000;0.000;0.000;;
L 16;0.000;0.000;0.000;0.000;0.000;0.000;0.000;0.000;2.969;2.969;2.969;6.432;6.432;6.432;6.432;6.432;6.432;6.432;6.432;2.969;2.969;2.969;2.969;2.969;;
M 17;0.000;0.000;0.000;0.000;0.000;0.000;0.000;0.000;2.969;2.969;2.969;6.432;6.432;6.432;6.432;6.432;6.432;6.432;6.432;2.969;2.969;2.969;2.969;2.969;;
X 18;0.000;0.000;0.000;0.000;0.000;0.000;0.000;0.000;2.969;2.969;2.969;6.432;6.432;6.432;6.432;6.432;6.432;6.432;6.432;2.969;2.969;2.969;2.969;2.969;;
J 19;0.000;0.000;0.000;0.000;0.000;0.000;0.000;0.000;2.969;2.969;2.969;6.432;6.432;6.432;6.432;6.432;6.432;6.432;6.432;2.969;2.969;2.969;2.969;2.969;;
V 20;0.000;0.000;0.000;0.000;0.000;0.000;0.000;0.000;2.969;2.969;2.969;6.432;6.432;6.432;6.432;6.432;6.432;6.432;6.432;2.969;2.969;2.969;2.969;2.969;;
S 21;0.000;0.000;0.000;0.000;0.000;0.000;0.000;0.000;0.000;0.000;0.000;0.000;0.000;0.000;0.000;0.000;0.000;0.000;0.000;0.000;0.000;0.000;0.000;0.000;;
D 22;0.000;0.000;0.000;0.000;0.000;0.000;0.000;0.000;0.000;0.000;0.000;0.000;0.000;0.000;0.000;0.000;0.000;0.000;0.000;0.000;0.000;0.000;0.000;0.000;;
L 23;0.000;0.000;0.000;0.000;0.000;0.000;0.000;0.000;2.969;2.969;2.969;6.432;6.432;6.432;6.432;6.432;6.432;6.432;6.432;2.969;2.969;2.969;2.969;2.969;;
M 24;0.000;0.000;0.000;0.000;0.000;0.000;0.000;0.000;2.969;2.969;2.969;6.432;6.432;6.432;6.432;6.432;6.432;6.432;6.432;2.969;2.969;2.969;2.969;2.969;;
X 25;0.000;0.000;0.000;0.000;0.000;0.000;0.000;0.000;2.969;2.969;2.969;6.432;6.432;6.432;6.432;6.432;6.432;6.432;6.432;2.969;2.969;2.969;2.969;2.969;;
J 26;0.000;0.000;0.000;0.000;0.000;0.000;0.000;0.000;2.969;2.969;2.969;6.432;6.432;6.432;6.432;6.432;6.432;6.432;6.432;2.969;2.969;2.969;2.969;2.969;;
V 27;0.000;0.000;0.000;0.000;0.000;0.000;0.000;0.000;2.969;2.969;2.969;6.432;6.432;6.432;6.432;6.432;6.432;6.432;6.432;2.969;2.969;2.969;2.969;2.969;;
S 28;0.000;0.000;0.000;0.000;0.000;0.000;0.000;0.000;0.000;0.000;0.000;0.000;0.000;0.000;0.000;0.000;0.000;0.000;0.000;0.000;0.000;0.000;0.000;0.000;;
D 29;0.000;0.000;0.000;0.000;0.000;0.000;0.000;0.000;0.000;0.000;0.000;0.000;0.000;0.000;0.000;0.000;0.000;0.000;0.000;0.000;0.000;0.000;0.000;0.000;;
L 30;0.000;0.000;0.000;0.000;0.000;0.000;0.000;0.000;2.969;2.969;2.969;6.432;6.432;6.432;6.432;6.432;6.432;6.432;6.432;2.969;2.969;2.969;2.969;2.969;;
M 31;0.000;0.000;0.000;0.000;0.000;0.000;0.000;0.000;2.969;2.969;2.969;6.432;6.432;6.432;6.432;6.432;6.432;6.432;6.432;2.969;2.969;2.969;2.969;2.969;;
*
