prgpo20DHS;
2018;07;30;13;20;08;
D 01;1.087;0.644;0.644;0.644;0.644;0.644;0.644;1.087;1.087;1.087;1.087;1.087;1.087;4.771;4.771;4.771;4.771;4.771;4.771;4.771;4.771;4.771;4.771;1.087;;
L 02;1.087;0.644;0.644;0.644;0.644;0.644;0.644;1.087;1.087;1.087;1.087;1.087;1.087;4.771;4.771;4.771;4.771;4.771;4.771;4.771;4.771;4.771;4.771;1.087;;
M 03;1.087;0.644;0.644;0.644;0.644;0.644;0.644;1.087;1.087;1.087;1.087;1.087;1.087;4.771;4.771;4.771;4.771;4.771;4.771;4.771;4.771;4.771;4.771;1.087;;
X 04;1.087;0.644;0.644;0.644;0.644;0.644;0.644;1.087;1.087;1.087;1.087;1.087;1.087;4.771;4.771;4.771;4.771;4.771;4.771;4.771;4.771;4.771;4.771;1.087;;
J 05;1.087;0.644;0.644;0.644;0.644;0.644;0.644;1.087;1.087;1.087;1.087;1.087;1.087;4.771;4.771;4.771;4.771;4.771;4.771;4.771;4.771;4.771;4.771;1.087;;
V 06;1.087;0.644;0.644;0.644;0.644;0.644;0.644;1.087;1.087;1.087;1.087;1.087;1.087;4.771;4.771;4.771;4.771;4.771;4.771;4.771;4.771;4.771;4.771;1.087;;
S 07;1.087;0.644;0.644;0.644;0.644;0.644;0.644;1.087;1.087;1.087;1.087;1.087;1.087;4.771;4.771;4.771;4.771;4.771;4.771;4.771;4.771;4.771;4.771;1.087;;
D 08;1.087;0.644;0.644;0.644;0.644;0.644;0.644;1.087;1.087;1.087;1.087;1.087;1.087;4.771;4.771;4.771;4.771;4.771;4.771;4.771;4.771;4.771;4.771;1.087;;
L 09;1.087;0.644;0.644;0.644;0.644;0.644;0.644;1.087;1.087;1.087;1.087;1.087;1.087;4.771;4.771;4.771;4.771;4.771;4.771;4.771;4.771;4.771;4.771;1.087;;
M 10;1.087;0.644;0.644;0.644;0.644;0.644;0.644;1.087;1.087;1.087;1.087;1.087;1.087;4.771;4.771;4.771;4.771;4.771;4.771;4.771;4.771;4.771;4.771;1.087;;
X 11;1.087;0.644;0.644;0.644;0.644;0.644;0.644;1.087;1.087;1.087;1.087;1.087;1.087;4.771;4.771;4.771;4.771;4.771;4.771;4.771;4.771;4.771;4.771;1.087;;
J 12;1.087;0.644;0.644;0.644;0.644;0.644;0.644;1.087;1.087;1.087;1.087;1.087;1.087;4.771;4.771;4.771;4.771;4.771;4.771;4.771;4.771;4.771;4.771;1.087;;
V 13;1.087;0.644;0.644;0.644;0.644;0.644;0.644;1.087;1.087;1.087;1.087;1.087;1.087;4.771;4.771;4.771;4.771;4.771;4.771;4.771;4.771;4.771;4.771;1.087;;
S 14;1.087;0.644;0.644;0.644;0.644;0.644;0.644;1.087;1.087;1.087;1.087;1.087;1.087;4.771;4.771;4.771;4.771;4.771;4.771;4.771;4.771;4.771;4.771;1.087;;
D 15;1.087;0.644;0.644;0.644;0.644;0.644;0.644;1.087;1.087;1.087;1.087;1.087;1.087;4.771;4.771;4.771;4.771;4.771;4.771;4.771;4.771;4.771;4.771;1.087;;
L 16;1.087;0.644;0.644;0.644;0.644;0.644;0.644;1.087;1.087;1.087;1.087;1.087;1.087;4.771;4.771;4.771;4.771;4.771;4.771;4.771;4.771;4.771;4.771;1.087;;
M 17;1.087;0.644;0.644;0.644;0.644;0.644;0.644;1.087;1.087;1.087;1.087;1.087;1.087;4.771;4.771;4.771;4.771;4.771;4.771;4.771;4.771;4.771;4.771;1.087;;
X 18;1.087;0.644;0.644;0.644;0.644;0.644;0.644;1.087;1.087;1.087;1.087;1.087;1.087;4.771;4.771;4.771;4.771;4.771;4.771;4.771;4.771;4.771;4.771;1.087;;
J 19;1.087;0.644;0.644;0.644;0.644;0.644;0.644;1.087;1.087;1.087;1.087;1.087;1.087;4.771;4.771;4.771;4.771;4.771;4.771;4.771;4.771;4.771;4.771;1.087;;
V 20;1.087;0.644;0.644;0.644;0.644;0.644;0.644;1.087;1.087;1.087;1.087;1.087;1.087;4.771;4.771;4.771;4.771;4.771;4.771;4.771;4.771;4.771;4.771;1.087;;
S 21;1.087;0.644;0.644;0.644;0.644;0.644;0.644;1.087;1.087;1.087;1.087;1.087;1.087;4.771;4.771;4.771;4.771;4.771;4.771;4.771;4.771;4.771;4.771;1.087;;
D 22;1.087;0.644;0.644;0.644;0.644;0.644;0.644;1.087;1.087;1.087;1.087;1.087;1.087;4.771;4.771;4.771;4.771;4.771;4.771;4.771;4.771;4.771;4.771;1.087;;
L 23;1.087;0.644;0.644;0.644;0.644;0.644;0.644;1.087;1.087;1.087;1.087;1.087;1.087;4.771;4.771;4.771;4.771;4.771;4.771;4.771;4.771;4.771;4.771;1.087;;
M 24;1.087;0.644;0.644;0.644;0.644;0.644;0.644;1.087;1.087;1.087;1.087;1.087;1.087;4.771;4.771;4.771;4.771;4.771;4.771;4.771;4.771;4.771;4.771;1.087;;
X 25;1.087;0.644;0.644;0.644;0.644;0.644;0.644;1.087;1.087;1.087;1.087;1.087;1.087;4.771;4.771;4.771;4.771;4.771;4.771;4.771;4.771;4.771;4.771;1.087;;
J 26;1.087;0.644;0.644;0.644;0.644;0.644;0.644;1.087;1.087;1.087;1.087;1.087;1.087;4.771;4.771;4.771;4.771;4.771;4.771;4.771;4.771;4.771;4.771;1.087;;
V 27;1.087;0.644;0.644;0.644;0.644;0.644;0.644;1.087;1.087;1.087;1.087;1.087;1.087;4.771;4.771;4.771;4.771;4.771;4.771;4.771;4.771;4.771;4.771;1.087;;
S 28;1.087;0.644;0.644;0.644;0.644;0.644;0.644;1.087;1.087;1.087;1.087;1.087;1.087;4.771;4.771;4.771;4.771;4.771;4.771;4.771;4.771;4.771;4.771;1.087;;
D 29;1.087;0.644;0.644;0.644;0.644;0.644;0.644;1.087;1.087;1.087;1.087;1.087;1.087;4.771;4.771;4.771;4.771;4.771;4.771;4.771;4.771;4.771;4.771;1.087;;
L 30;1.087;0.644;0.644;0.644;0.644;0.644;0.644;1.087;1.087;1.087;1.087;1.087;1.087;4.771;4.771;4.771;4.771;4.771;4.771;4.771;4.771;4.771;4.771;1.087;;
M 31;1.087;0.644;0.644;0.644;0.644;0.644;0.644;1.087;1.087;1.087;1.087;1.087;1.087;4.771;4.771;4.771;4.771;4.771;4.771;4.771;4.771;4.771;4.771;1.087;;
*
