prgpo20A;
2018;07;30;13;20;00;
D 01;4.630;4.630;4.630;4.630;4.630;4.630;4.630;4.630;4.630;4.630;4.630;4.630;4.630;4.630;4.630;4.630;4.630;4.630;4.630;4.630;4.630;4.630;4.630;4.630;;
L 02;4.630;4.630;4.630;4.630;4.630;4.630;4.630;4.630;4.630;4.630;4.630;4.630;4.630;4.630;4.630;4.630;4.630;4.630;4.630;4.630;4.630;4.630;4.630;4.630;;
M 03;4.630;4.630;4.630;4.630;4.630;4.630;4.630;4.630;4.630;4.630;4.630;4.630;4.630;4.630;4.630;4.630;4.630;4.630;4.630;4.630;4.630;4.630;4.630;4.630;;
X 04;4.630;4.630;4.630;4.630;4.630;4.630;4.630;4.630;4.630;4.630;4.630;4.630;4.630;4.630;4.630;4.630;4.630;4.630;4.630;4.630;4.630;4.630;4.630;4.630;;
J 05;4.630;4.630;4.630;4.630;4.630;4.630;4.630;4.630;4.630;4.630;4.630;4.630;4.630;4.630;4.630;4.630;4.630;4.630;4.630;4.630;4.630;4.630;4.630;4.630;;
V 06;4.630;4.630;4.630;4.630;4.630;4.630;4.630;4.630;4.630;4.630;4.630;4.630;4.630;4.630;4.630;4.630;4.630;4.630;4.630;4.630;4.630;4.630;4.630;4.630;;
S 07;4.630;4.630;4.630;4.630;4.630;4.630;4.630;4.630;4.630;4.630;4.630;4.630;4.630;4.630;4.630;4.630;4.630;4.630;4.630;4.630;4.630;4.630;4.630;4.630;;
D 08;4.630;4.630;4.630;4.630;4.630;4.630;4.630;4.630;4.630;4.630;4.630;4.630;4.630;4.630;4.630;4.630;4.630;4.630;4.630;4.630;4.630;4.630;4.630;4.630;;
L 09;4.630;4.630;4.630;4.630;4.630;4.630;4.630;4.630;4.630;4.630;4.630;4.630;4.630;4.630;4.630;4.630;4.630;4.630;4.630;4.630;4.630;4.630;4.630;4.630;;
M 10;4.630;4.630;4.630;4.630;4.630;4.630;4.630;4.630;4.630;4.630;4.630;4.630;4.630;4.630;4.630;4.630;4.630;4.630;4.630;4.630;4.630;4.630;4.630;4.630;;
X 11;4.630;4.630;4.630;4.630;4.630;4.630;4.630;4.630;4.630;4.630;4.630;4.630;4.630;4.630;4.630;4.630;4.630;4.630;4.630;4.630;4.630;4.630;4.630;4.630;;
J 12;4.630;4.630;4.630;4.630;4.630;4.630;4.630;4.630;4.630;4.630;4.630;4.630;4.630;4.630;4.630;4.630;4.630;4.630;4.630;4.630;4.630;4.630;4.630;4.630;;
V 13;4.630;4.630;4.630;4.630;4.630;4.630;4.630;4.630;4.630;4.630;4.630;4.630;4.630;4.630;4.630;4.630;4.630;4.630;4.630;4.630;4.630;4.630;4.630;4.630;;
S 14;4.630;4.630;4.630;4.630;4.630;4.630;4.630;4.630;4.630;4.630;4.630;4.630;4.630;4.630;4.630;4.630;4.630;4.630;4.630;4.630;4.630;4.630;4.630;4.630;;
D 15;4.630;4.630;4.630;4.630;4.630;4.630;4.630;4.630;4.630;4.630;4.630;4.630;4.630;4.630;4.630;4.630;4.630;4.630;4.630;4.630;4.630;4.630;4.630;4.630;;
L 16;4.630;4.630;4.630;4.630;4.630;4.630;4.630;4.630;4.630;4.630;4.630;4.630;4.630;4.630;4.630;4.630;4.630;4.630;4.630;4.630;4.630;4.630;4.630;4.630;;
M 17;4.630;4.630;4.630;4.630;4.630;4.630;4.630;4.630;4.630;4.630;4.630;4.630;4.630;4.630;4.630;4.630;4.630;4.630;4.630;4.630;4.630;4.630;4.630;4.630;;
X 18;4.630;4.630;4.630;4.630;4.630;4.630;4.630;4.630;4.630;4.630;4.630;4.630;4.630;4.630;4.630;4.630;4.630;4.630;4.630;4.630;4.630;4.630;4.630;4.630;;
J 19;4.630;4.630;4.630;4.630;4.630;4.630;4.630;4.630;4.630;4.630;4.630;4.630;4.630;4.630;4.630;4.630;4.630;4.630;4.630;4.630;4.630;4.630;4.630;4.630;;
V 20;4.630;4.630;4.630;4.630;4.630;4.630;4.630;4.630;4.630;4.630;4.630;4.630;4.630;4.630;4.630;4.630;4.630;4.630;4.630;4.630;4.630;4.630;4.630;4.630;;
S 21;4.630;4.630;4.630;4.630;4.630;4.630;4.630;4.630;4.630;4.630;4.630;4.630;4.630;4.630;4.630;4.630;4.630;4.630;4.630;4.630;4.630;4.630;4.630;4.630;;
D 22;4.630;4.630;4.630;4.630;4.630;4.630;4.630;4.630;4.630;4.630;4.630;4.630;4.630;4.630;4.630;4.630;4.630;4.630;4.630;4.630;4.630;4.630;4.630;4.630;;
L 23;4.630;4.630;4.630;4.630;4.630;4.630;4.630;4.630;4.630;4.630;4.630;4.630;4.630;4.630;4.630;4.630;4.630;4.630;4.630;4.630;4.630;4.630;4.630;4.630;;
M 24;4.630;4.630;4.630;4.630;4.630;4.630;4.630;4.630;4.630;4.630;4.630;4.630;4.630;4.630;4.630;4.630;4.630;4.630;4.630;4.630;4.630;4.630;4.630;4.630;;
X 25;4.630;4.630;4.630;4.630;4.630;4.630;4.630;4.630;4.630;4.630;4.630;4.630;4.630;4.630;4.630;4.630;4.630;4.630;4.630;4.630;4.630;4.630;4.630;4.630;;
J 26;4.630;4.630;4.630;4.630;4.630;4.630;4.630;4.630;4.630;4.630;4.630;4.630;4.630;4.630;4.630;4.630;4.630;4.630;4.630;4.630;4.630;4.630;4.630;4.630;;
V 27;4.630;4.630;4.630;4.630;4.630;4.630;4.630;4.630;4.630;4.630;4.630;4.630;4.630;4.630;4.630;4.630;4.630;4.630;4.630;4.630;4.630;4.630;4.630;4.630;;
S 28;4.630;4.630;4.630;4.630;4.630;4.630;4.630;4.630;4.630;4.630;4.630;4.630;4.630;4.630;4.630;4.630;4.630;4.630;4.630;4.630;4.630;4.630;4.630;4.630;;
D 29;4.630;4.630;4.630;4.630;4.630;4.630;4.630;4.630;4.630;4.630;4.630;4.630;4.630;4.630;4.630;4.630;4.630;4.630;4.630;4.630;4.630;4.630;4.630;4.630;;
L 30;4.630;4.630;4.630;4.630;4.630;4.630;4.630;4.630;4.630;4.630;4.630;4.630;4.630;4.630;4.630;4.630;4.630;4.630;4.630;4.630;4.630;4.630;4.630;4.630;;
M 31;4.630;4.630;4.630;4.630;4.630;4.630;4.630;4.630;4.630;4.630;4.630;4.630;4.630;4.630;4.630;4.630;4.630;4.630;4.630;4.630;4.630;4.630;4.630;4.630;;
*
