prgpo30A;
2018;07;30;13;20;10;
D 01;0.058;0.058;0.058;0.058;0.058;0.058;0.058;0.058;4.304;4.304;4.304;8.374;8.374;8.374;8.374;4.304;4.304;4.304;4.304;4.304;4.304;4.304;4.304;4.304;;
L 02;0.058;0.058;0.058;0.058;0.058;0.058;0.058;0.058;4.304;4.304;4.304;8.374;8.374;8.374;8.374;4.304;4.304;4.304;4.304;4.304;4.304;4.304;4.304;4.304;;
M 03;0.058;0.058;0.058;0.058;0.058;0.058;0.058;0.058;4.304;4.304;4.304;8.374;8.374;8.374;8.374;4.304;4.304;4.304;4.304;4.304;4.304;4.304;4.304;4.304;;
X 04;0.058;0.058;0.058;0.058;0.058;0.058;0.058;0.058;4.304;4.304;4.304;8.374;8.374;8.374;8.374;4.304;4.304;4.304;4.304;4.304;4.304;4.304;4.304;4.304;;
J 05;0.058;0.058;0.058;0.058;0.058;0.058;0.058;0.058;4.304;4.304;4.304;8.374;8.374;8.374;8.374;4.304;4.304;4.304;4.304;4.304;4.304;4.304;4.304;4.304;;
V 06;0.058;0.058;0.058;0.058;0.058;0.058;0.058;0.058;4.304;4.304;4.304;8.374;8.374;8.374;8.374;4.304;4.304;4.304;4.304;4.304;4.304;4.304;4.304;4.304;;
S 07;0.058;0.058;0.058;0.058;0.058;0.058;0.058;0.058;4.304;4.304;4.304;8.374;8.374;8.374;8.374;4.304;4.304;4.304;4.304;4.304;4.304;4.304;4.304;4.304;;
D 08;0.058;0.058;0.058;0.058;0.058;0.058;0.058;0.058;4.304;4.304;4.304;8.374;8.374;8.374;8.374;4.304;4.304;4.304;4.304;4.304;4.304;4.304;4.304;4.304;;
L 09;0.058;0.058;0.058;0.058;0.058;0.058;0.058;0.058;4.304;4.304;4.304;8.374;8.374;8.374;8.374;4.304;4.304;4.304;4.304;4.304;4.304;4.304;4.304;4.304;;
M 10;0.058;0.058;0.058;0.058;0.058;0.058;0.058;0.058;4.304;4.304;4.304;8.374;8.374;8.374;8.374;4.304;4.304;4.304;4.304;4.304;4.304;4.304;4.304;4.304;;
X 11;0.058;0.058;0.058;0.058;0.058;0.058;0.058;0.058;4.304;4.304;4.304;8.374;8.374;8.374;8.374;4.304;4.304;4.304;4.304;4.304;4.304;4.304;4.304;4.304;;
J 12;0.058;0.058;0.058;0.058;0.058;0.058;0.058;0.058;4.304;4.304;4.304;8.374;8.374;8.374;8.374;4.304;4.304;4.304;4.304;4.304;4.304;4.304;4.304;4.304;;
V 13;0.058;0.058;0.058;0.058;0.058;0.058;0.058;0.058;4.304;4.304;4.304;8.374;8.374;8.374;8.374;4.304;4.304;4.304;4.304;4.304;4.304;4.304;4.304;4.304;;
S 14;0.058;0.058;0.058;0.058;0.058;0.058;0.058;0.058;4.304;4.304;4.304;8.374;8.374;8.374;8.374;4.304;4.304;4.304;4.304;4.304;4.304;4.304;4.304;4.304;;
D 15;0.058;0.058;0.058;0.058;0.058;0.058;0.058;0.058;4.304;4.304;4.304;8.374;8.374;8.374;8.374;4.304;4.304;4.304;4.304;4.304;4.304;4.304;4.304;4.304;;
L 16;0.058;0.058;0.058;0.058;0.058;0.058;0.058;0.058;4.304;4.304;4.304;8.374;8.374;8.374;8.374;4.304;4.304;4.304;4.304;4.304;4.304;4.304;4.304;4.304;;
M 17;0.058;0.058;0.058;0.058;0.058;0.058;0.058;0.058;4.304;4.304;4.304;8.374;8.374;8.374;8.374;4.304;4.304;4.304;4.304;4.304;4.304;4.304;4.304;4.304;;
X 18;0.058;0.058;0.058;0.058;0.058;0.058;0.058;0.058;4.304;4.304;4.304;8.374;8.374;8.374;8.374;4.304;4.304;4.304;4.304;4.304;4.304;4.304;4.304;4.304;;
J 19;0.058;0.058;0.058;0.058;0.058;0.058;0.058;0.058;4.304;4.304;4.304;8.374;8.374;8.374;8.374;4.304;4.304;4.304;4.304;4.304;4.304;4.304;4.304;4.304;;
V 20;0.058;0.058;0.058;0.058;0.058;0.058;0.058;0.058;4.304;4.304;4.304;8.374;8.374;8.374;8.374;4.304;4.304;4.304;4.304;4.304;4.304;4.304;4.304;4.304;;
S 21;0.058;0.058;0.058;0.058;0.058;0.058;0.058;0.058;4.304;4.304;4.304;8.374;8.374;8.374;8.374;4.304;4.304;4.304;4.304;4.304;4.304;4.304;4.304;4.304;;
D 22;0.058;0.058;0.058;0.058;0.058;0.058;0.058;0.058;4.304;4.304;4.304;8.374;8.374;8.374;8.374;4.304;4.304;4.304;4.304;4.304;4.304;4.304;4.304;4.304;;
L 23;0.058;0.058;0.058;0.058;0.058;0.058;0.058;0.058;4.304;4.304;4.304;8.374;8.374;8.374;8.374;4.304;4.304;4.304;4.304;4.304;4.304;4.304;4.304;4.304;;
M 24;0.058;0.058;0.058;0.058;0.058;0.058;0.058;0.058;4.304;4.304;4.304;8.374;8.374;8.374;8.374;4.304;4.304;4.304;4.304;4.304;4.304;4.304;4.304;4.304;;
X 25;0.058;0.058;0.058;0.058;0.058;0.058;0.058;0.058;4.304;4.304;4.304;8.374;8.374;8.374;8.374;4.304;4.304;4.304;4.304;4.304;4.304;4.304;4.304;4.304;;
J 26;0.058;0.058;0.058;0.058;0.058;0.058;0.058;0.058;4.304;4.304;4.304;8.374;8.374;8.374;8.374;4.304;4.304;4.304;4.304;4.304;4.304;4.304;4.304;4.304;;
V 27;0.058;0.058;0.058;0.058;0.058;0.058;0.058;0.058;4.304;4.304;4.304;8.374;8.374;8.374;8.374;4.304;4.304;4.304;4.304;4.304;4.304;4.304;4.304;4.304;;
S 28;0.058;0.058;0.058;0.058;0.058;0.058;0.058;0.058;4.304;4.304;4.304;8.374;8.374;8.374;8.374;4.304;4.304;4.304;4.304;4.304;4.304;4.304;4.304;4.304;;
D 29;0.058;0.058;0.058;0.058;0.058;0.058;0.058;0.058;4.304;4.304;4.304;8.374;8.374;8.374;8.374;4.304;4.304;4.304;4.304;4.304;4.304;4.304;4.304;4.304;;
L 30;0.058;0.058;0.058;0.058;0.058;0.058;0.058;0.058;4.304;4.304;4.304;8.374;8.374;8.374;8.374;4.304;4.304;4.304;4.304;4.304;4.304;4.304;4.304;4.304;;
M 31;0.058;0.058;0.058;0.058;0.058;0.058;0.058;0.058;4.304;4.304;4.304;8.374;8.374;8.374;8.374;4.304;4.304;4.304;4.304;4.304;4.304;4.304;4.304;4.304;;
*
