prgpo20D;
2018;07;30;13;20;02;
D 01;0.805;0.805;0.805;0.805;0.805;0.805;0.805;0.805;0.805;0.805;0.805;0.805;0.805;4.771;4.771;4.771;4.771;4.771;4.771;4.771;4.771;4.771;4.771;0.805;;
L 02;0.805;0.805;0.805;0.805;0.805;0.805;0.805;0.805;0.805;0.805;0.805;0.805;0.805;4.771;4.771;4.771;4.771;4.771;4.771;4.771;4.771;4.771;4.771;0.805;;
M 03;0.805;0.805;0.805;0.805;0.805;0.805;0.805;0.805;0.805;0.805;0.805;0.805;0.805;4.771;4.771;4.771;4.771;4.771;4.771;4.771;4.771;4.771;4.771;0.805;;
X 04;0.805;0.805;0.805;0.805;0.805;0.805;0.805;0.805;0.805;0.805;0.805;0.805;0.805;4.771;4.771;4.771;4.771;4.771;4.771;4.771;4.771;4.771;4.771;0.805;;
J 05;0.805;0.805;0.805;0.805;0.805;0.805;0.805;0.805;0.805;0.805;0.805;0.805;0.805;4.771;4.771;4.771;4.771;4.771;4.771;4.771;4.771;4.771;4.771;0.805;;
V 06;0.805;0.805;0.805;0.805;0.805;0.805;0.805;0.805;0.805;0.805;0.805;0.805;0.805;4.771;4.771;4.771;4.771;4.771;4.771;4.771;4.771;4.771;4.771;0.805;;
S 07;0.805;0.805;0.805;0.805;0.805;0.805;0.805;0.805;0.805;0.805;0.805;0.805;0.805;4.771;4.771;4.771;4.771;4.771;4.771;4.771;4.771;4.771;4.771;0.805;;
D 08;0.805;0.805;0.805;0.805;0.805;0.805;0.805;0.805;0.805;0.805;0.805;0.805;0.805;4.771;4.771;4.771;4.771;4.771;4.771;4.771;4.771;4.771;4.771;0.805;;
L 09;0.805;0.805;0.805;0.805;0.805;0.805;0.805;0.805;0.805;0.805;0.805;0.805;0.805;4.771;4.771;4.771;4.771;4.771;4.771;4.771;4.771;4.771;4.771;0.805;;
M 10;0.805;0.805;0.805;0.805;0.805;0.805;0.805;0.805;0.805;0.805;0.805;0.805;0.805;4.771;4.771;4.771;4.771;4.771;4.771;4.771;4.771;4.771;4.771;0.805;;
X 11;0.805;0.805;0.805;0.805;0.805;0.805;0.805;0.805;0.805;0.805;0.805;0.805;0.805;4.771;4.771;4.771;4.771;4.771;4.771;4.771;4.771;4.771;4.771;0.805;;
J 12;0.805;0.805;0.805;0.805;0.805;0.805;0.805;0.805;0.805;0.805;0.805;0.805;0.805;4.771;4.771;4.771;4.771;4.771;4.771;4.771;4.771;4.771;4.771;0.805;;
V 13;0.805;0.805;0.805;0.805;0.805;0.805;0.805;0.805;0.805;0.805;0.805;0.805;0.805;4.771;4.771;4.771;4.771;4.771;4.771;4.771;4.771;4.771;4.771;0.805;;
S 14;0.805;0.805;0.805;0.805;0.805;0.805;0.805;0.805;0.805;0.805;0.805;0.805;0.805;4.771;4.771;4.771;4.771;4.771;4.771;4.771;4.771;4.771;4.771;0.805;;
D 15;0.805;0.805;0.805;0.805;0.805;0.805;0.805;0.805;0.805;0.805;0.805;0.805;0.805;4.771;4.771;4.771;4.771;4.771;4.771;4.771;4.771;4.771;4.771;0.805;;
L 16;0.805;0.805;0.805;0.805;0.805;0.805;0.805;0.805;0.805;0.805;0.805;0.805;0.805;4.771;4.771;4.771;4.771;4.771;4.771;4.771;4.771;4.771;4.771;0.805;;
M 17;0.805;0.805;0.805;0.805;0.805;0.805;0.805;0.805;0.805;0.805;0.805;0.805;0.805;4.771;4.771;4.771;4.771;4.771;4.771;4.771;4.771;4.771;4.771;0.805;;
X 18;0.805;0.805;0.805;0.805;0.805;0.805;0.805;0.805;0.805;0.805;0.805;0.805;0.805;4.771;4.771;4.771;4.771;4.771;4.771;4.771;4.771;4.771;4.771;0.805;;
J 19;0.805;0.805;0.805;0.805;0.805;0.805;0.805;0.805;0.805;0.805;0.805;0.805;0.805;4.771;4.771;4.771;4.771;4.771;4.771;4.771;4.771;4.771;4.771;0.805;;
V 20;0.805;0.805;0.805;0.805;0.805;0.805;0.805;0.805;0.805;0.805;0.805;0.805;0.805;4.771;4.771;4.771;4.771;4.771;4.771;4.771;4.771;4.771;4.771;0.805;;
S 21;0.805;0.805;0.805;0.805;0.805;0.805;0.805;0.805;0.805;0.805;0.805;0.805;0.805;4.771;4.771;4.771;4.771;4.771;4.771;4.771;4.771;4.771;4.771;0.805;;
D 22;0.805;0.805;0.805;0.805;0.805;0.805;0.805;0.805;0.805;0.805;0.805;0.805;0.805;4.771;4.771;4.771;4.771;4.771;4.771;4.771;4.771;4.771;4.771;0.805;;
L 23;0.805;0.805;0.805;0.805;0.805;0.805;0.805;0.805;0.805;0.805;0.805;0.805;0.805;4.771;4.771;4.771;4.771;4.771;4.771;4.771;4.771;4.771;4.771;0.805;;
M 24;0.805;0.805;0.805;0.805;0.805;0.805;0.805;0.805;0.805;0.805;0.805;0.805;0.805;4.771;4.771;4.771;4.771;4.771;4.771;4.771;4.771;4.771;4.771;0.805;;
X 25;0.805;0.805;0.805;0.805;0.805;0.805;0.805;0.805;0.805;0.805;0.805;0.805;0.805;4.771;4.771;4.771;4.771;4.771;4.771;4.771;4.771;4.771;4.771;0.805;;
J 26;0.805;0.805;0.805;0.805;0.805;0.805;0.805;0.805;0.805;0.805;0.805;0.805;0.805;4.771;4.771;4.771;4.771;4.771;4.771;4.771;4.771;4.771;4.771;0.805;;
V 27;0.805;0.805;0.805;0.805;0.805;0.805;0.805;0.805;0.805;0.805;0.805;0.805;0.805;4.771;4.771;4.771;4.771;4.771;4.771;4.771;4.771;4.771;4.771;0.805;;
S 28;0.805;0.805;0.805;0.805;0.805;0.805;0.805;0.805;0.805;0.805;0.805;0.805;0.805;4.771;4.771;4.771;4.771;4.771;4.771;4.771;4.771;4.771;4.771;0.805;;
D 29;0.805;0.805;0.805;0.805;0.805;0.805;0.805;0.805;0.805;0.805;0.805;0.805;0.805;4.771;4.771;4.771;4.771;4.771;4.771;4.771;4.771;4.771;4.771;0.805;;
L 30;0.805;0.805;0.805;0.805;0.805;0.805;0.805;0.805;0.805;0.805;0.805;0.805;0.805;4.771;4.771;4.771;4.771;4.771;4.771;4.771;4.771;4.771;4.771;0.805;;
M 31;0.805;0.805;0.805;0.805;0.805;0.805;0.805;0.805;0.805;0.805;0.805;0.805;0.805;4.771;4.771;4.771;4.771;4.771;4.771;4.771;4.771;4.771;4.771;0.805;;
*
