prgpo31A;
2018;07;30;13;20;12;
D 01;0.000;0.000;0.000;0.000;0.000;0.000;0.000;0.000;0.000;0.000;0.000;0.000;0.000;0.000;0.000;0.000;0.000;0.000;3.463;3.463;3.463;3.463;3.463;3.463;;
L 02;0.000;0.000;0.000;0.000;0.000;0.000;0.000;0.000;3.463;3.463;6.432;6.432;6.432;6.432;6.432;6.432;3.463;3.463;3.463;3.463;3.463;3.463;3.463;3.463;;
M 03;0.000;0.000;0.000;0.000;0.000;0.000;0.000;0.000;3.463;3.463;6.432;6.432;6.432;6.432;6.432;6.432;3.463;3.463;3.463;3.463;3.463;3.463;3.463;3.463;;
X 04;0.000;0.000;0.000;0.000;0.000;0.000;0.000;0.000;3.463;3.463;6.432;6.432;6.432;6.432;6.432;6.432;3.463;3.463;3.463;3.463;3.463;3.463;3.463;3.463;;
J 05;0.000;0.000;0.000;0.000;0.000;0.000;0.000;0.000;3.463;3.463;6.432;6.432;6.432;6.432;6.432;6.432;3.463;3.463;3.463;3.463;3.463;3.463;3.463;3.463;;
V 06;0.000;0.000;0.000;0.000;0.000;0.000;0.000;0.000;3.463;3.463;6.432;6.432;6.432;6.432;6.432;6.432;3.463;3.463;3.463;3.463;3.463;3.463;3.463;3.463;;
S 07;0.000;0.000;0.000;0.000;0.000;0.000;0.000;0.000;0.000;0.000;0.000;0.000;0.000;0.000;0.000;0.000;0.000;0.000;3.463;3.463;3.463;3.463;3.463;3.463;;
D 08;0.000;0.000;0.000;0.000;0.000;0.000;0.000;0.000;0.000;0.000;0.000;0.000;0.000;0.000;0.000;0.000;0.000;0.000;3.463;3.463;3.463;3.463;3.463;3.463;;
L 09;0.000;0.000;0.000;0.000;0.000;0.000;0.000;0.000;3.463;3.463;6.432;6.432;6.432;6.432;6.432;6.432;3.463;3.463;3.463;3.463;3.463;3.463;3.463;3.463;;
M 10;0.000;0.000;0.000;0.000;0.000;0.000;0.000;0.000;3.463;3.463;6.432;6.432;6.432;6.432;6.432;6.432;3.463;3.463;3.463;3.463;3.463;3.463;3.463;3.463;;
X 11;0.000;0.000;0.000;0.000;0.000;0.000;0.000;0.000;3.463;3.463;6.432;6.432;6.432;6.432;6.432;6.432;3.463;3.463;3.463;3.463;3.463;3.463;3.463;3.463;;
J 12;0.000;0.000;0.000;0.000;0.000;0.000;0.000;0.000;3.463;3.463;6.432;6.432;6.432;6.432;6.432;6.432;3.463;3.463;3.463;3.463;3.463;3.463;3.463;3.463;;
V 13;0.000;0.000;0.000;0.000;0.000;0.000;0.000;0.000;3.463;3.463;6.432;6.432;6.432;6.432;6.432;6.432;3.463;3.463;3.463;3.463;3.463;3.463;3.463;3.463;;
S 14;0.000;0.000;0.000;0.000;0.000;0.000;0.000;0.000;0.000;0.000;0.000;0.000;0.000;0.000;0.000;0.000;0.000;0.000;3.463;3.463;3.463;3.463;3.463;3.463;;
D 15;0.000;0.000;0.000;0.000;0.000;0.000;0.000;0.000;0.000;0.000;0.000;0.000;0.000;0.000;0.000;0.000;0.000;0.000;3.463;3.463;3.463;3.463;3.463;3.463;;
L 16;0.000;0.000;0.000;0.000;0.000;0.000;0.000;0.000;3.463;3.463;6.432;6.432;6.432;6.432;6.432;6.432;3.463;3.463;3.463;3.463;3.463;3.463;3.463;3.463;;
M 17;0.000;0.000;0.000;0.000;0.000;0.000;0.000;0.000;3.463;3.463;6.432;6.432;6.432;6.432;6.432;6.432;3.463;3.463;3.463;3.463;3.463;3.463;3.463;3.463;;
X 18;0.000;0.000;0.000;0.000;0.000;0.000;0.000;0.000;3.463;3.463;6.432;6.432;6.432;6.432;6.432;6.432;3.463;3.463;3.463;3.463;3.463;3.463;3.463;3.463;;
J 19;0.000;0.000;0.000;0.000;0.000;0.000;0.000;0.000;3.463;3.463;6.432;6.432;6.432;6.432;6.432;6.432;3.463;3.463;3.463;3.463;3.463;3.463;3.463;3.463;;
V 20;0.000;0.000;0.000;0.000;0.000;0.000;0.000;0.000;3.463;3.463;6.432;6.432;6.432;6.432;6.432;6.432;3.463;3.463;3.463;3.463;3.463;3.463;3.463;3.463;;
S 21;0.000;0.000;0.000;0.000;0.000;0.000;0.000;0.000;0.000;0.000;0.000;0.000;0.000;0.000;0.000;0.000;0.000;0.000;3.463;3.463;3.463;3.463;3.463;3.463;;
D 22;0.000;0.000;0.000;0.000;0.000;0.000;0.000;0.000;0.000;0.000;0.000;0.000;0.000;0.000;0.000;0.000;0.000;0.000;3.463;3.463;3.463;3.463;3.463;3.463;;
L 23;0.000;0.000;0.000;0.000;0.000;0.000;0.000;0.000;3.463;3.463;6.432;6.432;6.432;6.432;6.432;6.432;3.463;3.463;3.463;3.463;3.463;3.463;3.463;3.463;;
M 24;0.000;0.000;0.000;0.000;0.000;0.000;0.000;0.000;3.463;3.463;6.432;6.432;6.432;6.432;6.432;6.432;3.463;3.463;3.463;3.463;3.463;3.463;3.463;3.463;;
X 25;0.000;0.000;0.000;0.000;0.000;0.000;0.000;0.000;3.463;3.463;6.432;6.432;6.432;6.432;6.432;6.432;3.463;3.463;3.463;3.463;3.463;3.463;3.463;3.463;;
J 26;0.000;0.000;0.000;0.000;0.000;0.000;0.000;0.000;3.463;3.463;6.432;6.432;6.432;6.432;6.432;6.432;3.463;3.463;3.463;3.463;3.463;3.463;3.463;3.463;;
V 27;0.000;0.000;0.000;0.000;0.000;0.000;0.000;0.000;3.463;3.463;6.432;6.432;6.432;6.432;6.432;6.432;3.463;3.463;3.463;3.463;3.463;3.463;3.463;3.463;;
S 28;0.000;0.000;0.000;0.000;0.000;0.000;0.000;0.000;0.000;0.000;0.000;0.000;0.000;0.000;0.000;0.000;0.000;0.000;3.463;3.463;3.463;3.463;3.463;3.463;;
D 29;0.000;0.000;0.000;0.000;0.000;0.000;0.000;0.000;0.000;0.000;0.000;0.000;0.000;0.000;0.000;0.000;0.000;0.000;3.463;3.463;3.463;3.463;3.463;3.463;;
L 30;0.000;0.000;0.000;0.000;0.000;0.000;0.000;0.000;3.463;3.463;6.432;6.432;6.432;6.432;6.432;6.432;3.463;3.463;3.463;3.463;3.463;3.463;3.463;3.463;;
M 31;0.000;0.000;0.000;0.000;0.000;0.000;0.000;0.000;3.463;3.463;6.432;6.432;6.432;6.432;6.432;6.432;3.463;3.463;3.463;3.463;3.463;3.463;3.463;3.463;;
*
