prmdiari;
2018;07;30;13;19;49;
D 01;62.00;61.14;60.89;58.68;58.43;58.34;56.69;52.99;52.99;55.19;55.19;55.67;55.19;55.00;55.00;51.33;50.19;50.15;50.25;52.09;55.75;61.14;63.19;62.78;;
L 02;58.69;54.41;52.09;52.08;52.09;54.41;59.16;59.41;62.16;63.17;63.97;63.95;64.97;64.97;63.80;63.17;62.64;62.64;62.47;62.47;62.80;63.90;63.00;62.41;;
M 03;61.14;59.19;57.89;56.25;56.00;58.00;59.19;59.01;61.89;63.00;62.96;63.01;62.78;62.52;62.01;61.89;61.96;62.00;63.17;62.93;63.03;62.69;65.00;61.45;;
X 04;61.40;59.19;59.09;59.19;59.19;60.00;60.15;59.98;62.64;66.03;63.30;63.49;62.83;62.50;62.01;61.14;60.50;60.83;60.83;60.38;59.93;58.59;62.01;58.68;;
J 05;56.88;52.09;51.75;51.79;51.63;52.34;55.35;57.71;61.21;61.21;61.85;62.09;61.89;62.01;62.19;62.64;62.19;62.12;61.99;61.75;61.40;61.79;61.89;61.85;;
V 06;61.03;58.01;56.08;55.00;54.43;56.90;60.15;59.40;61.40;62.00;62.00;62.41;63.01;63.09;62.64;62.18;61.90;61.70;61.40;61.25;61.86;62.00;61.40;60.55;;
S 07;61.81;60.55;61.21;61.14;61.10;61.14;60.55;60.00;60.02;61.10;61.21;61.14;61.10;61.21;61.12;60.50;60.00;59.51;59.51;59.51;60.22;61.14;61.40;60.29;;
D 08;58.68;56.93;55.06;52.41;52.00;52.00;52.02;51.17;52.27;53.58;57.60;60.07;60.95;60.97;61.14;60.95;60.15;60.95;60.00;60.03;57.60;61.40;62.27;61.40;;
L 09;61.40;58.15;53.27;52.05;51.98;52.26;58.18;61.55;62.89;63.17;63.91;64.50;64.86;64.95;64.75;64.10;63.91;63.67;63.01;62.64;62.41;62.97;63.17;61.86;;
M 10;61.14;56.90;54.18;52.74;52.30;53.26;57.93;60.69;62.00;63.17;63.17;63.57;64.09;64.71;64.02;63.80;63.53;63.17;62.24;61.76;61.89;62.64;62.49;61.14;;
X 11;61.00;54.44;52.31;51.79;51.66;51.91;56.83;61.14;63.17;63.91;63.80;64.03;65.50;65.73;65.01;64.02;63.67;63.01;62.46;61.90;62.49;63.49;63.49;61.89;;
J 12;62.00;61.14;58.00;57.00;56.95;57.93;61.50;63.17;65.02;66.86;66.51;66.69;68.00;68.30;67.94;66.85;66.67;66.09;65.01;64.35;64.67;65.01;64.67;62.64;;
V 13;61.86;60.26;57.93;56.21;56.01;57.93;61.54;63.01;65.00;66.09;65.89;66.00;66.69;66.69;65.17;65.02;64.94;64.94;63.99;63.80;64.50;65.22;65.17;63.91;;
S 14;64.39;63.43;62.86;62.24;62.14;62.00;61.15;61.18;62.14;62.76;63.69;63.81;63.81;63.04;62.70;61.81;60.01;59.00;58.43;59.96;62.14;63.13;63.86;63.23;;
D 15;63.69;62.21;61.15;60.95;58.00;58.43;58.07;57.75;61.00;62.16;62.45;63.04;63.01;63.00;62.14;58.00;54.83;52.00;51.72;54.25;56.05;59.01;62.86;59.01;;
L 16;60.00;52.84;50.35;50.00;49.83;50.00;53.05;58.09;62.16;62.75;62.86;63.00;63.60;63.90;63.78;63.31;64.00;64.39;64.00;64.00;64.50;66.30;66.30;64.56;;
M 17;63.03;61.15;57.46;56.85;56.00;56.85;61.15;62.86;64.59;65.36;65.69;65.69;66.76;66.94;66.01;65.67;65.36;65.00;64.46;63.90;64.02;64.46;63.97;60.57;;
X 18;60.62;56.85;55.00;54.65;54.65;55.53;61.15;64.00;65.52;66.69;66.69;66.69;66.69;66.76;66.07;65.61;65.61;65.67;65.20;64.69;65.32;66.10;65.69;65.36;;
J 19;64.46;63.18;62.00;59.40;59.40;61.15;63.90;64.46;65.90;67.02;66.89;66.69;67.02;66.69;65.69;65.59;65.21;64.69;64.14;63.90;64.07;64.39;64.33;63.68;;
V 20;62.21;58.00;56.85;55.99;55.68;56.85;61.36;63.01;64.46;65.67;65.96;65.96;66.49;66.30;64.81;63.90;62.50;61.17;58.50;58.95;60.99;62.50;63.00;62.12;;
S 21;62.14;60.00;57.93;58.01;58.01;58.68;60.00;60.01;61.15;62.76;63.86;63.90;64.21;64.21;64.14;63.01;62.14;60.89;59.58;60.89;62.21;63.19;64.14;63.50;;
D 22;64.14;62.91;61.66;59.41;57.93;57.56;56.70;54.60;57.09;57.81;57.50;58.07;61.00;62.21;62.21;61.15;60.16;58.50;57.09;57.46;58.43;62.14;64.14;62.14;;
L 23;62.14;58.14;55.51;54.48;53.93;54.48;58.18;62.76;65.59;66.80;66.79;66.41;67.00;66.90;66.30;65.41;65.40;65.40;65.36;64.39;65.41;66.24;66.01;65.36;;
M 24;64.75;63.18;61.17;58.68;58.40;59.88;62.21;63.68;65.99;67.07;67.81;67.98;68.81;68.81;67.98;67.35;67.01;67.00;65.67;65.51;64.22;65.36;65.01;63.30;;
X 25;63.75;62.21;60.00;57.93;57.43;58.43;62.46;63.90;65.33;66.39;67.00;67.00;68.69;68.02;67.81;67.00;67.00;67.00;65.80;66.90;65.67;66.66;66.39;65.39;;
J 26;65.67;64.23;63.50;62.21;62.21;63.18;64.39;65.01;66.09;67.09;68.00;68.09;68.98;68.99;68.00;67.22;67.00;67.09;67.19;69.30;66.30;65.36;65.70;63.64;;
V 27;65.50;64.21;63.19;62.21;62.39;63.43;65.41;65.67;66.84;68.09;68.41;68.36;68.86;67.61;66.03;64.88;64.23;63.90;63.12;62.46;62.21;62.21;62.14;58.21;;
S 28;64.00;63.90;63.20;62.21;62.21;62.21;62.80;62.50;63.10;62.80;64.01;64.39;64.71;65.00;64.39;64.14;63.06;62.21;62.14;62.21;63.90;65.67;65.86;65.70;;
D 29;66.21;64.67;62.21;63.00;62.00;60.61;58.81;56.75;56.79;55.47;57.99;58.43;58.91;61.00;61.11;58.19;54.25;53.93;52.15;55.76;57.43;63.71;65.40;62.80;;
L 30;62.21;60.40;57.85;56.41;56.03;58.01;63.18;64.07;65.70;67.53;67.80;67.80;67.98;68.01;67.55;66.30;65.86;65.86;65.35;64.80;65.67;67.28;66.92;66.30;;
M 31;65.67;65.07;63.90;62.50;62.21;63.00;64.50;64.39;65.77;66.30;67.08;67.42;67.97;68.19;67.97;67.42;66.90;66.30;65.67;65.96;65.32;65.32;64.14;60.91;;
*
