codsvsub;
2018;07;30;13;06;35;
D 01;0.000;11.940;7.750;15.110;9.290;5.850;4.240;0.000;0.000;0.000;0.000;0.000;0.000;0.000;0.000;0.000;6.340;4.700;4.290;10.410;10.620;15.390;9.990;13.680;;
L 02;3.910;6.950;6.820;3.100;5.030;6.750;13.620;16.200;10.430;11.340;7.870;0.000;0.000;0.000;0.000;9.020;0.000;0.000;0.000;0.000;0.000;0.000;0.000;0.000;;
M 03;0.000;0.000;0.000;0.000;0.000;0.000;0.000;0.000;0.000;0.000;0.000;0.000;0.000;0.000;0.000;0.000;0.000;0.000;0.000;0.000;0.000;0.000;0.000;0.000;;
X 04;0.000;0.000;0.000;0.000;6.170;0.000;13.110;14.970;0.000;0.000;0.000;0.000;12.450;18.090;17.350;13.100;8.730;7.570;7.590;11.550;8.980;16.170;0.000;15.340;;
J 05;13.530;8.750;8.380;8.420;0.000;0.000;0.000;0.000;0.000;0.000;0.000;0.000;2.500;2.500;0.000;2.500;2.500;0.000;0.000;0.000;0.000;0.000;0.000;0.000;;
V 06;0.000;0.000;0.000;0.000;0.000;0.000;0.000;0.000;0.000;3.300;3.270;3.000;0.000;0.000;0.000;0.000;0.000;0.000;0.000;0.000;0.000;0.000;0.000;0.000;;
S 07;6.420;0.000;0.000;4.200;0.000;0.000;5.570;7.470;8.390;8.090;0.000;0.000;0.000;0.000;0.000;0.000;0.000;2.500;5.910;7.700;5.290;9.870;11.780;6.950;;
D 08;1.500;0.000;0.000;0.000;0.000;1.100;1.350;5.540;2.750;2.980;7.060;8.390;9.960;7.470;6.840;2.080;6.050;10.170;8.950;8.930;6.740;3.000;0.000;0.000;;
L 09;8.140;7.850;3.170;1.750;1.930;5.460;8.010;6.830;0.000;0.000;0.000;0.000;0.000;0.000;0.000;0.000;0.000;0.000;0.000;0.000;0.000;0.000;0.000;0.000;;
M 10;0.000;0.000;0.000;0.000;0.000;0.000;0.000;0.000;0.000;0.000;0.000;0.000;0.000;0.000;0.000;0.000;0.000;0.000;0.000;0.000;0.000;0.000;0.000;0.000;;
X 11;0.000;0.000;0.000;0.000;0.000;0.000;0.000;0.000;0.000;0.000;0.000;0.000;0.000;0.000;6.320;3.000;6.790;0.000;0.000;0.000;0.000;0.000;0.000;0.000;;
J 12;0.000;0.000;0.000;0.000;0.000;0.000;0.000;0.000;0.000;0.000;0.000;0.000;0.000;0.000;0.000;0.000;0.000;0.000;0.000;1.500;1.500;1.700;1.000;1.000;;
V 13;1.000;12.610;0.000;0.000;0.000;0.000;0.000;0.000;0.000;0.000;0.000;0.000;0.000;0.000;8.720;6.120;1.000;2.050;2.100;3.380;0.000;4.040;9.170;7.330;;
S 14;0.000;0.000;2.000;7.060;0.000;0.000;0.000;0.000;0.000;0.000;0.000;0.000;0.000;0.000;0.000;0.000;0.000;0.000;1.330;0.000;0.000;14.340;0.000;0.000;;
D 15;0.000;0.000;0.000;0.000;1.510;1.340;0.000;2.660;9.220;0.000;0.000;0.000;0.000;0.000;0.000;0.000;8.230;0.000;0.000;0.000;3.170;0.000;0.000;6.650;;
L 16;12.110;0.000;2.830;2.220;0.000;3.310;7.470;9.320;0.000;0.000;0.000;0.000;15.610;15.280;14.920;12.550;12.360;13.880;6.890;4.380;0.000;0.000;0.000;0.000;;
M 17;0.000;8.900;5.350;4.100;0.000;0.000;6.210;11.280;0.000;0.000;0.000;0.000;0.000;0.000;0.000;0.000;0.000;0.000;0.000;0.000;0.000;0.000;0.000;0.000;;
X 18;0.000;0.000;0.000;0.000;0.000;0.000;0.000;0.000;0.000;0.000;0.000;0.000;0.000;0.000;0.000;0.000;0.000;0.000;0.000;0.000;0.000;0.000;0.000;0.000;;
J 19;0.000;0.000;0.000;0.000;0.000;0.000;0.000;0.000;7.900;0.000;0.000;0.000;0.000;0.000;10.690;0.000;0.000;0.000;0.000;0.000;0.000;5.700;0.000;7.580;;
V 20;0.000;0.000;0.000;0.000;0.000;0.000;5.710;8.650;10.000;0.000;0.000;0.000;0.000;0.000;0.000;0.000;13.760;15.110;5.600;0.000;0.000;0.000;13.890;0.000;;
S 21;0.000;0.000;5.080;0.000;0.000;4.450;7.000;8.580;9.720;11.330;9.760;6.930;8.150;7.000;7.040;8.490;7.070;6.380;5.700;4.640;0.000;0.000;0.000;9.020;;
D 22;9.690;9.720;9.070;7.350;5.940;5.640;4.880;5.900;5.550;5.980;5.530;6.100;9.100;10.220;10.200;8.890;8.140;6.480;5.070;5.200;6.410;0.000;0.000;0.000;;
L 23;0.000;0.000;0.000;2.460;0.000;0.000;0.000;0.000;0.000;0.000;0.000;0.000;0.000;0.000;0.000;0.000;0.000;0.000;0.000;0.000;0.000;0.000;0.000;0.000;;
M 24;0.000;0.000;0.000;0.000;0.000;0.000;0.000;0.000;0.000;0.000;0.000;0.000;0.000;0.000;0.000;0.000;0.000;0.000;0.000;0.000;0.000;0.000;0.000;0.000;;
X 25;0.000;0.000;0.000;0.000;0.000;5.330;7.620;7.650;6.690;7.140;0.100;7.760;7.500;0.000;0.000;7.000;0.000;0.000;0.000;0.000;0.000;0.000;9.290;12.470;;
J 26;9.510;0.230;4.960;6.430;6.290;7.080;0.000;0.000;8.020;0.000;0.000;0.000;0.000;0.000;0.000;7.500;7.500;5.090;0.000;0.000;0.000;0.000;12.200;3.540;;
V 27;3.820;0.000;0.000;0.000;0.000;0.000;0.000;0.000;3.800;2.680;5.420;0.000;0.000;5.000;0.000;0.000;0.000;0.000;0.000;0.000;0.000;0.000;0.000;0.000;;
S 28;0.000;0.000;0.000;0.000;0.000;0.000;0.000;0.000;0.000;3.800;3.500;3.500;0.000;0.000;0.000;0.000;0.000;0.000;0.000;0.000;0.000;0.000;0.000;0.000;;
D 29;4.440;7.600;6.970;10.750;9.490;8.150;6.420;4.810;4.820;0.000;0.000;0.000;0.000;2.400;0.000;0.000;0.000;0.000;0.000;0.000;0.000;0.000;0.000;0.000;;
L 30;;;;;;;;;;;;;;;;;;;;;;;;;;
M 31;;;;;;;;;;;;;;;;;;;;;;;;;;
*
