codsvbaj;
2018;07;30;13;06;34;
D 01;0.000;0.000;0.000;0.000;0.000;0.000;0.000;0.000;1.370;2.530;3.170;4.730;5.890;4.530;2.690;2.670;0.000;0.000;0.000;0.000;0.000;0.000;0.000;0.000;;
L 02;0.000;0.000;0.000;0.000;0.000;0.000;0.000;0.000;0.000;0.000;0.000;4.260;5.430;6.230;3.200;0.000;1.130;1.830;0.360;0.580;2.030;3.200;9.450;3.400;;
M 03;2.990;4.520;3.330;3.690;6.060;5.160;5.540;8.790;4.680;9.150;7.500;7.370;7.530;8.120;7.000;6.060;6.700;4.020;5.650;5.860;6.100;3.390;3.870;2.490;;
X 04;2.060;2.350;0.300;0.000;0.000;0.000;0.000;0.000;0.000;0.000;0.660;0.820;0.000;0.000;0.000;0.000;0.000;0.000;0.000;0.000;0.000;0.000;4.020;0.000;;
J 05;0.000;0.000;0.000;0.000;1.800;0.730;4.020;6.820;5.840;6.570;5.890;5.570;0.000;0.000;3.810;0.000;0.000;2.520;5.350;6.260;5.590;5.950;5.880;2.460;;
V 06;1.670;2.490;4.240;5.170;5.740;3.650;0.000;3.160;3.560;0.000;0.000;0.000;6.130;5.530;6.920;3.450;6.420;8.240;7.380;5.270;3.660;3.300;4.520;4.040;;
S 07;0.000;0.000;3.260;0.000;1.700;0.000;0.000;0.000;0.000;0.000;5.950;4.290;4.330;7.080;6.230;0.040;0.000;0.000;0.000;0.000;0.000;0.000;0.000;0.000;;
D 08;0.000;0.000;0.000;0.000;2.380;0.000;0.000;0.000;0.000;0.000;0.000;0.000;0.000;0.000;0.000;0.000;0.000;0.000;0.000;0.000;0.000;0.000;3.630;4.300;;
L 09;0.000;0.000;0.000;0.000;0.000;0.000;0.000;0.000;2.910;6.090;5.610;5.430;5.060;5.560;6.130;5.670;5.840;6.020;6.460;5.340;4.090;1.810;3.810;5.850;;
M 10;6.410;9.420;6.290;6.460;3.370;6.050;4.070;6.860;8.490;6.990;6.820;7.950;7.720;7.200;7.360;5.790;8.110;8.370;8.760;7.860;8.100;7.150;9.820;8.760;;
X 11;4.790;10.020;12.350;4.970;4.930;5.760;0.000;6.940;3.850;8.090;7.740;8.690;6.770;7.060;0.000;0.000;0.000;3.570;7.510;7.650;8.010;9.860;10.980;6.560;;
J 12;6.150;6.090;7.060;5.430;3.810;8.410;7.390;6.930;6.200;2.640;2.460;2.480;0.640;0.660;2.160;2.150;5.250;4.670;1.110;0.000;0.000;0.000;0.000;0.000;;
V 13;0.000;0.000;2.070;2.550;1.250;2.330;1.810;6.020;2.440;1.880;4.030;3.670;2.240;2.470;0.000;0.000;0.000;0.000;0.000;0.000;3.960;0.000;0.000;0.000;;
S 14;0.000;0.000;0.000;0.000;4.360;5.480;5.980;5.740;5.220;5.440;6.540;4.940;3.660;4.310;4.300;4.580;6.990;2.200;0.000;9.160;6.290;0.000;3.290;6.970;;
D 15;3.190;4.560;0.200;0.000;0.000;0.000;0.920;0.000;0.000;4.230;5.390;3.940;3.340;3.910;4.670;0.630;0.000;4.310;4.890;4.750;0.000;10.140;6.240;0.000;;
L 16;0.000;2.700;0.000;0.000;3.840;0.000;0.000;0.000;8.350;9.550;9.220;6.820;0.000;0.000;0.000;0.000;0.000;0.000;0.000;0.000;1.420;0.000;4.150;2.930;;
M 17;3.470;0.000;0.000;0.000;0.480;0.000;0.000;0.000;6.010;5.200;5.030;5.000;3.920;5.220;4.740;4.810;6.300;6.400;6.160;6.430;6.900;7.940;7.690;9.710;;
X 18;5.680;1.930;1.180;3.930;0.810;1.200;0.000;5.240;0.000;5.160;4.120;3.600;3.910;3.260;4.630;3.570;8.320;9.580;20.100;23.550;37.450;40.870;37.020;9.850;;
J 19;18.570;6.370;7.190;9.540;9.990;7.490;4.160;5.440;0.000;1.430;0.000;0.080;0.000;0.000;0.000;4.000;4.790;5.220;4.670;5.480;2.810;0.000;0.000;0.000;;
V 20;0.000;6.600;1.830;2.190;2.430;1.830;0.000;0.000;0.000;0.000;0.000;0.000;0.000;0.000;4.460;2.350;0.000;0.000;0.000;0.000;2.560;4.200;0.000;0.650;;
S 21;5.010;6.250;0.000;0.220;0.000;0.000;0.000;0.000;0.000;0.000;0.000;0.000;0.000;0.000;0.000;0.000;0.000;0.000;0.000;0.000;4.940;4.960;5.830;0.000;;
D 22;0.000;0.000;0.000;0.000;0.000;0.000;0.000;0.000;0.000;0.000;0.000;0.000;0.000;0.000;0.000;0.000;0.000;0.000;0.000;0.000;0.000;6.170;7.350;2.770;;
L 23;3.970;0.490;2.150;0.000;0.620;3.780;8.260;4.170;3.800;0.090;0.000;0.000;3.510;2.060;2.460;2.940;4.040;5.040;5.570;7.340;6.230;4.740;10.360;5.200;;
M 24;2.400;2.440;3.780;2.460;1.580;3.070;3.910;3.640;2.630;2.870;3.150;7.320;2.100;2.980;0.000;4.240;9.820;10.590;13.520;6.310;4.620;4.010;5.840;5.800;;
X 25;5.080;2.970;3.150;0.270;1.000;0.000;0.000;0.000;0.000;0.000;0.000;0.000;0.000;0.000;0.440;0.000;0.000;0.000;5.410;2.870;3.370;1.760;0.000;0.000;;
J 26;0.000;0.000;0.000;0.000;0.000;0.000;0.000;4.380;0.000;1.910;4.000;0.580;1.220;0.000;0.000;0.000;0.000;0.000;1.710;0.000;1.470;0.000;0.000;0.000;;
V 27;0.000;3.230;2.630;1.800;3.950;3.400;3.690;0.000;0.000;0.000;0.000;0.000;0.000;0.000;4.690;1.700;4.510;2.580;7.340;9.720;8.920;8.680;11.050;12.330;;
S 28;5.410;4.390;6.140;5.990;3.930;3.680;3.790;0.000;4.880;0.000;0.000;0.000;2.150;4.600;5.210;5.620;6.590;7.240;7.220;7.450;6.540;5.830;5.340;4.530;;
D 29;0.000;0.000;0.000;0.000;0.000;0.000;0.000;0.000;0.000;2.250;6.360;8.040;7.200;0.000;5.050;7.190;10.070;9.960;7.190;10.270;8.510;6.980;7.390;8.940;;
L 30;;;;;;;;;;;;;;;;;;;;;;;;;;
M 31;;;;;;;;;;;;;;;;;;;;;;;;;;
*
